
9       871, 872, 892 
10	882, 903, 905, x packages 
11	881, 890, 931, 934, x bones 
12	884, 886, 887, 888, x pack. 
        U of T 
13	883, 891, 898, 912, 927 
        930. 
14	896, 932, 936, 938 
15	937, 940, 941, 942 
16	874, 906, 913, 939, 948 
        949, 951 
17	877, 943, 947 
18	879, 943, 947 
 
 
19	876, 929, 944, 945 
        950, 952 
20	935, 944, 954, 955 (fib) 
        x footbone. 
21	875, 878, 933, 946 
        U of T  953, x packages 
 
Bone Cabin Quarry 
 
22	961 stegosaur vertebrae 
        and x packages 
23	647, 963 
24	969 
25	643, 642, 645, 959  
        956, 960 

  